-9.70613 -1.07856  36.6261
1.58474 2.90535  9.7673
-1.79649 -3.04639  14.9238
4.26115 8.03197 9.29914
-13.3255 -17.4685  28.5328
-15.0711 -19.1488  31.5548
13.6216 6.54329 39.9393
2.93217 3.26831 19.6105
13.4639 16.5542 30.1024
5.56392 10.1245 11.4662
-0.849645  -1.57899   15.6304
-7.88004 -2.44889  32.2796
1.97597 3.42319 18.5263
-5.55392 -9.92236  12.2038
-2.00265 -3.17046  14.1796
 5.05337 -2.79803  32.1937
-3.35048 -5.40475  21.1816
5.79886 -5.4362 35.2329
-9.78012 -17.2012  15.6375
14.8339 21.2469 28.1581
2.48093 4.30756      12
-12.0375 -9.74245  33.9571
-18.8878 -18.3431  42.5161
8.20569 13.3517 17.3307
-3.30881 -5.19668  15.1338
-7.35698 -13.0769  13.4339
4.48724 4.58298 22.1334
0.577292 -3.89513  26.8096
3.37767 4.27727 18.7639
2.72988 5.10821 9.22629
5.00877  9.1096 11.1974
2.22954 4.20654 21.3908
-0.610184 -0.880986   13.9209
0.621876  1.66442  18.9465
-2.86028 -5.63536  6.63007
0.118335 0.230371  7.18952
-1.97982 -3.74004   8.6335
0.958386  1.76895  9.80489
 -7.1627 -11.7571  16.2749
-4.57641 -6.83571  17.0523
-4.89054 -8.46499   13.103
 -10.137 -15.7207  20.5248
13.6826 21.6015 23.6497
6.31005 1.10215 30.7085
5.69193 10.0405 12.8683
 4.18678 -2.51474  30.6612
14.2798 7.62133 40.4792
-13.9319 -7.18495   40.092
-6.47742 -12.1498  10.5018
-7.25331 -11.1532  18.2966
5.75992 8.33019 18.6097
-11.5796 -16.5923  24.2647
5.08207  7.6656 18.7013
11.1992 8.77268 33.0235
-14.4745   -13.35    36.14
7.55967 3.93021 30.2379
 -1.75544 -0.641569   21.7574
-4.53419 -8.06068  12.0618
1.70443  3.5163 21.0365
-10.9006 -16.7295  21.6122
 -5.63541 -0.137353    30.467
16.2483 10.9909 42.1498
 -3.0201 -4.82296  18.0308
-4.90878 -4.66541  23.2251
-4.12169  -6.6384  16.0534
-9.21146  -14.037  20.2996
-8.14143 -4.00576  31.3079
 1.3456 2.50542 17.9961
1.45414 1.53945 17.9625
13.2623 19.6386 25.2394
3.66769  4.2477 20.0497
 -2.7503 -4.69612  20.9207
-0.749139  -1.34573   13.2396
   1.38754 -0.0219991    22.0954
-2.19515 -4.39096  5.66291
-0.667971  -4.42748   25.6293
7.58507 12.7159 15.8481
  0.24753 -0.526636   19.1834
2.85231 4.60515 17.0344
 -10.606 -14.6705  24.0977
9.66853 4.15084 34.1228
3.15774 3.49067   19.94
-10.1782 -12.8803  25.5271
-0.44832 -4.71456  26.3966
 0.19581 0.370867  9.21761
8.97782 16.3212 13.5596
 -7.3058 -3.59829  30.0734
 -3.6378 -6.23661  12.8692
-1.50437 -2.69649  17.6939
-15.4461 -18.4541  33.4105
 7.6783 12.5578 16.8778
9.27803  1.8483 35.2953
 5.52816 0.949991  29.4623
-12.1231 -14.4345   28.996
  -3.52274 -0.0978475    26.7361
-1.93163 -3.58744  9.46361
0.0302452 -0.578752   18.0748
2.46964 4.08841 18.5827
-15.5614 -3.04725  45.9945
1.54021 2.77255 11.0142
